3 0.12931818039964646 0.26647248157061404 0.07668100663789294 0.190476712884994
3 0.6020480490461342 0.2955986951628471 0.07668100663789294 0.190476712884994
3 0.5314455361963342 0.31987053982304126 0.07668100663789294 0.190476712884994
3 0.43628562757269046 0.3619417372340445 0.07668100663789294 0.190476712884994
3 0.43628562757269024 0.19365694759003152 0.07668100663789292 0.1257517937911429
3 0.1804794215951538 0.22440128415961078 0.07668100663789294 0.190476712884994
3 0.2265245386711104 0.2680906045479603 0.07668100663789294 0.190476712884994
3 0.3298702458860352 0.30692555600427096 0.07668100663789294 0.190476712884994
3 0.37693858778590167 0.24867312881980497 0.07668100663789292 0.1257517937911429
3 0.35852054095551905 0.1855663327033001 0.07668100663789292 0.1257517937911429
3 0.29610382669700014 0.1920388246126852 0.07668100663789292 0.1257517937911429
3 0.28689480328180883 0.24220063691041985 0.07668100663789292 0.1257517937911429
3 0.28689480328180883 0.24220063691041985 0.07668100663789292 0.1257517937911429
3 0.8179484868911748 0.19365694759003152 0.07668100663789292 0.1257517937911429
3 0.5140507141898614 0.16776697995249104 0.07668100663789292 0.1257517937911429
3 0.5795371029201107 0.18233008674860757 0.07668100663789292 0.1257517937911429
3 0.6491163909460007 0.16129448804310595 0.07668100663789292 0.1257517937911429
3 0.6532092902416413 0.2599999896612289 0.07668100663789292 0.1257517937911429
3 0.7043705314371487 0.2907443262308082 0.07668100663789292 0.1257517937911429
3 0.7555317726326559 0.2535274977518438 0.07668100663789292 0.1257517937911429
3 0.8558078053758503 0.2260194071369571 0.07668100663789292 0.1257517937911429
