3 0.11523871300271799 0.8017799352750806 0.09079396171365083 0.18284789644012864
3 0.666864269053812 0.5315533980582522 0.09079396171365083 0.18284789644012864
3 0.5864612821017152 0.5283171521035596 0.09079396171365083 0.18284789644012864
3 0.7533738119769537 0.7872168284789641 0.09079396171365083 0.18284789644012864
3 0.40530012162737067 0.6626213592233006 0.09079396171365083 0.18284789644012864
3 0.4073356402843858 0.7694174757281551 0.09079396171365083 0.18284789644012864
3 0.31166626340467574 0.8017799352750806 0.09079396171365083 0.18284789644012864
3 0.30963074474766067 0.675566343042071 0.09079396171365083 0.18284789644012864
3 0.32795041266079666 0.5380258899676371 0.09079396171365083 0.18284789644012864
3 0.23940535108063948 0.5428802588996761 0.09079396171365083 0.18284789644012864
3 0.21701464585347327 0.6658576051779933 0.09079396171365083 0.18284789644012864
3 0.21396136786795064 0.8082524271844658 0.09079396171365083 0.18284789644012864
3 0.04539698085682541 0.7807443365695791 0.09079396171365083 0.18284789644012864
3 0.057226431277787454 0.6254045307443362 0.09079396171365083 0.18284789644012864
3 0.13152286225883883 0.6658576051779933 0.09079396171365083 0.18284789644012864
3 0.68009514032441 0.7904530744336568 0.09079396171365083 0.18284789644012864
3 0.0908124891185367 0.4215210355987052 0.09079396171365083 0.18284789644012864
3 0.17019771674212586 0.43608414239482163 0.09079396171365083 0.18284789644012864
3 0.25263622235123767 0.39886731391585734 0.09079396171365083 0.18284789644012864
3 0.34016352460288724 0.40695792880258863 0.09079396171365083 0.18284789644012864
3 0.4276908268545368 0.4182847896440126 0.09079396171365083 0.18284789644012864
3 0.4246375488690141 0.5234627831715207 0.09079396171365083 0.18284789644012864
3 0.2872400395204945 0.9085760517799357 0.09079396171365083 0.18284789644012864
3 0.19157066264078446 0.9085760517799357 0.09079396171365083 0.18284789644012864
3 0.08775921113301405 0.9085760517799357 0.09079396171365083 0.18284789644012864
3 0.5091115731351412 0.3794498381877021 0.07247429380051469 0.11488673139158466
3 0.49079190522200505 0.5024271844660191 0.09079396171365083 0.18284789644012864
3 0.49079190522200505 0.7661812297734626 0.09079396171365083 0.18284789644012864
3 0.4846853492509598 0.6561488673139156 0.09079396171365083 0.18284789644012864
3 0.5813724854591774 0.7807443365695791 0.09079396171365083 0.18284789644012864
3 0.9546030191431747 0.9271844660194184 0.09079396171365078 0.14563106796116312
3 0.48977414589349755 0.922330097087379 0.09079396171365078 0.1553398058252415
3 0.3778206197576665 0.9320388349514566 0.09079396171365076 0.1359223300970863
3 0.8663450974412916 0.9271844660194184 0.09079396171365078 0.14563106796116312
3 0.7696579612330742 0.9271844660194184 0.09079396171365078 0.14563106796116312
3 0.6760241030103792 0.9271844660194184 0.09079396171365078 0.14563106796116312
3 0.587479041430222 0.9271844660194174 0.09079396171365078 0.14563106796116312
3 0.9304639351372682 0.5121359223300969 0.09079396171365083 0.18284789644012864
3 0.8429366328856186 0.5121359223300969 0.09079396171365083 0.18284789644012864
3 0.7676224425760596 0.5234627831715208 0.09079396171365083 0.18284789644012864
3 0.666864269053812 0.5315533980582522 0.09079396171365083 0.18284789644012864
3 0.666864269053812 0.5315533980582522 0.09079396171365083 0.18284789644012864
3 0.7696579612330747 0.38754045307443347 0.09079396171365083 0.18284789644012864
3 0.8449721515426337 0.4004854368932036 0.09079396171365083 0.18284789644012864
3 0.9406415284223438 0.42799352750809033 0.09079396171365083 0.18284789644012864
3 0.6729708250248572 0.39724919093851113 0.09079396171365083 0.18284789644012864
3 0.5946033567297756 0.4182847896440127 0.09079396171365083 0.18284789644012864
3 0.04539698085682541 0.19174757281553376 0.09079396171365083 0.18284789644012864
3 0.04539698085682541 0.19174757281553376 0.09079396171365083 0.18284789644012864
3 0.04539698085682541 0.19174757281553376 0.09079396171365083 0.18284789644012864
3 0.344618223438046 0.20792880258899654 0.09079396171365083 0.18284789644012864
3 0.26930403312848716 0.204692556634304 0.09079396171365083 0.18284789644012864
3 0.18381224953385267 0.20792880258899654 0.09079396171365083 0.18284789644012864
3 0.12274668982339947 0.2095469255663428 0.09079396171365083 0.18284789644012864
3 0.7313667682709163 0.2030744336569577 0.09079396171365083 0.18284789644012864
3 0.6468927440047894 0.2095469255663428 0.09079396171365083 0.18284789644012864
3 0.5787028689947833 0.204692556634304 0.09079396171365083 0.18284789644012864
3 0.4362165630037258 0.19983818770226514 0.09079396171365083 0.18284789644012864
3 0.5044064380137319 0.2030744336569577 0.09079396171365083 0.18284789644012864
3 0.9546030191431746 0.20792880258899654 0.09079396171365083 0.18284789644012864
3 0.8789418709045116 0.1885113268608412 0.09079396171365083 0.18284789644012864
3 0.8168585518655509 0.2014563106796114 0.09079396171365083 0.18284789644012864
