3 0.6035598705501619 0.49838187702265296 0.1324549237170593 0.24919093851132634
3 0.6508899676375406 0.7055016181229766 0.1324549237170593 0.24919093851132634
3 0.4639967637540454 0.6844660194174749 0.1324549237170593 0.24919093851132634
3 0.37904530744336584 0.5210355987055009 0.1324549237170593 0.24919093851132634
3 0.29166666666666674 0.3932038834951448 0.1324549237170593 0.24919093851132634
3 0.2868122977346279 0.13754045307443288 0.1324549237170593 0.24919093851132634
3 0.14967637540453083 0.2702265372168277 0.1324549237170593 0.24919093851132634
3 0.2176375404530745 0.49838187702265296 0.1324549237170593 0.24919093851132634
3 0.2176375404530745 0.49838187702265296 0.1324549237170593 0.24919093851132634
3 0.5477346278317157 0.21278317152103476 0.1324549237170594 0.12783171521035536
3 0.43122977346278335 0.19255663430420636 0.1324549237170593 0.24919093851132634
3 0.4603559870550163 0.428802588996763 0.1324549237170593 0.24919093851132634
3 0.7212783171521037 0.14886731391585684 0.1324549237170593 0.24919093851132634
3 0.852346278317152 0.35275080906148787 0.1324549237170593 0.24919093851132634
3 0.6909385113268608 0.4061488673139151 0.1324549237170593 0.24919093851132634
3 0.5659385113268611 0.33252427184465927 0.13245492371705928 0.15695792880258863
