3 0.09072068707991017 0.24352750809061477 0.08017176997759508 0.11488673139158603
3 0.22012073686830946 0.23867313915857585 0.08017176997759508 0.11488673139158603
3 0.5309621608165295 0.1998381877022652 0.08017176997759508 0.11488673139158603
3 0.6941187453323374 0.18851132686084124 0.08017176997759508 0.11488673139158603
3 0.7756970375902413 0.19660194174757264 0.08017176997759508 0.11488673139158603
3 0.8643079412496887 0.19498381877022639 0.08017176997759508 0.11488673139158603
3 0.8868122977346276 0.3066343042071196 0.08017176997759508 0.11488673139158603
3 0.7349078914612893 0.2888349514563105 0.08017176997759508 0.11488673139158603
3 0.6041013193925813 0.32605177993527495 0.08017176997759508 0.11488673139158603
3 0.4648556136420212 0.2694174757281552 0.08017176997759508 0.11488673139158603
3 0.31154468508837413 0.30987055016181214 0.08017176997759508 0.11488673139158603
3 0.37624470998257387 0.2063106796116503 0.08017176997759508 0.11488673139158603
