3 0.2907425265188042 0.5434118182792241 0.16489874638379942 0.3737570984678023
3 0.5279652844744455 0.813121450766099 0.16489874638379942 0.3737570984678023
3 0.6938283510125361 0.6794800707168112 0.16489874638379942 0.3737570984678023
3 0.0626808100289295 0.6088623700846457 0.1002892960462872 0.2118531018964961
3 0.17261330761812915 0.46418220293581897 0.1002892960462872 0.2118531018964961
3 0.05014464802314359 0.33672586520947156 0.1002892960462872 0.2118531018964961
3 0.10896817743490829 0.27127531340405 0.1002892960462872 0.2118531018964961
3 0.19768563162970096 0.1937680810028928 0.1002892960462872 0.2118531018964961
3 0.6171648987463837 0.30055582342226494 0.1002892960462872 0.2118531018964961
3 0.8066538090646093 0.5046582020786453 0.13596914175506256 0.28936033429765334
3 0.9291224686595949 0.48054484088717425 0.13596914175506256 0.28936033429765334
3 0.9320154291224686 0.1877397407050249 0.13596914175506256 0.28936033429765334
3 0.8066538090646093 0.5046582020786453 0.13596914175506256 0.28936033429765334
3 0.7039537126325939 0.39011973641915776 0.1002892960462872 0.2118531018964961
3 0.51976856316297 0.12659514625522328 0.1002892960462872 0.2118531018964961
3 0.7859209257473481 0.2592186328083145 0.1002892960462872 0.2118531018964961
3 0.6962391513982642 0.19204569806064486 0.1002892960462872 0.2118531018964961
3 0.3519768563162969 0.10592655094824804 0.1002892960462872 0.2118531018964961
3 0.40694310511089676 0.29538867459552115 0.1002892960462872 0.2118531018964961
3 0.2661523625843779 0.30055582342226494 0.1002892960462872 0.2118531018964961
3 0.6171648987463837 0.30055582342226494 0.1002892960462872 0.2118531018964961
3 0.10173577627772412 0.8642839922854386 0.20347155255544824 0.2714320154291227
