3 0.04918032786885246 0.5092506464358556 0.06943105110896818 0.6675570271631066
3 0.1113789778206365 0.5130652580196446 0.04725168756027007 0.6675570271631065
3 0.04918032786885246 0.5092506464358556 0.06943105110896818 0.6675570271631066
3 0.15091610414657672 0.5054360348520663 0.04725168756027007 0.6675570271631065
3 0.1113789778206365 0.5130652580196446 0.04725168756027007 0.6675570271631065
3 0.35342333654773384 0.49399220010069883 0.04725168756027007 0.6675570271631065
3 0.29363548698167796 0.5016214232682772 0.04725168756027007 0.6675570271631065
3 0.24445515911282548 0.5016214232682772 0.04725168756027007 0.6675570271631065
3 0.1933461909353906 0.5054360348520663 0.04725168756027007 0.6675570271631065
3 0.5568948891031822 0.4863629769331205 0.04725168756027007 0.6675570271631065
3 0.5028929604628737 0.49017758851690973 0.04725168756027007 0.6675570271631065
3 0.4498553519768563 0.4825483653493313 0.04725168756027007 0.6675570271631065
3 0.3977820636451302 0.4863629769331205 0.04725168756027007 0.6675570271631065
3 0.8076181292189006 0.5206944811872232 0.04725168756027007 0.6675570271631065
3 0.7545805207328834 0.49399220010069883 0.04725168756027007 0.6675570271631065
3 0.7063645130183221 0.5130652580196448 0.04725168756027007 0.6675570271631065
3 0.654291224686596 0.47491914218175296 0.04725168756027007 0.6675570271631065
3 0.6060752169720347 0.4825483653493313 0.04725168756027007 0.6675570271631065
3 0.9696239151398265 0.5054360348520663 0.04725168756027007 0.6675570271631065
3 0.9204435872709741 0.5054360348520663 0.04725168756027007 0.6675570271631065
3 0.8625843780135005 0.5054360348520663 0.04725168756027007 0.6675570271631065
