3 0.21909073935772955 0.33333333333333326 0.05954070201643009 0.10355987055016236
3 0.25671209858103056 0.3365695792880258 0.05954070201643009 0.10355987055016236
3 0.9618091859596712 0.3462783171521035 0.05954070201643009 0.10355987055016236
3 0.8902072442120985 0.2864077669902912 0.05954070201643009 0.10355987055016236
3 0.03583831217326359 0.33009708737864074 0.05954070201643009 0.10355987055016236
3 0.10744025392083639 0.3268608414239481 0.05954070201643009 0.10355987055016236
3 0.14263442867811793 0.28802588996763745 0.05954070201643009 0.10355987055016236
3 0.3222460791635548 0.320388349514563 0.05954070201643009 0.10355987055016236
3 0.44603248693054504 0.3220064724919093 0.05954070201643009 0.10355987055016236
3 0.8246732636295743 0.33009708737864074 0.05954070201643009 0.10355987055016236
3 0.704527632561613 0.3122977346278316 0.05954070201643009 0.10355987055016236
3 0.5237023898431664 0.3365695792880258 0.05954070201643009 0.10355987055016236
3 0.4448188946975353 0.3268608414239481 0.05954070201643009 0.10355987055016236
3 0.5892363704256907 0.3365695792880258 0.05954070201643009 0.10355987055016236
3 0.6450616131441373 0.35436893203883485 0.05954070201643009 0.10355987055016236
3 0.40355675877520525 0.3349514563106796 0.05954070201643009 0.10355987055016236
3 0.7700616131441373 0.34142394822006467 0.05954070201643009 0.10355987055016236
3 0.36108103061986546 0.33171521035598694 0.05954070201643009 0.10355987055016236
