3 0.9415889333079509 0.104368932038835 0.05436575924868329 0.0825242718446603
3 0.7340646614632906 0.1270226537216829 0.05436575924868329 0.0825242718446603
3 0.661249127482708 0.17556634304207122 0.05436575924868329 0.0825242718446603
3 0.6685306808807665 0.26456310679611655 0.05436575924868329 0.0825242718446603
3 0.7037248556380479 0.3114886731391586 0.05436575924868329 0.0825242718446603
3 0.515618059521543 0.4781553398058253 0.05436575924868329 0.0825242718446603
3 0.5811520401040673 0.37944983818770234 0.05436575924868329 0.0825242718446603
3 0.6127054381623198 0.3033980582524272 0.05436575924868329 0.0825242718446603
3 0.5665889333079508 0.19498381877022658 0.05436575924868329 0.0825242718446603
3 0.5386763119487276 0.30177993527508096 0.05436575924868329 0.0825242718446603
3 0.46343359350212565 0.3131067961165049 0.05436575924868329 0.0825242718446603
3 0.4512976711720286 0.2095469255663431 0.05436575924868329 0.0825242718446603
3 0.28018116631765966 0.2807443365695793 0.05436575924868329 0.0825242718446603
3 0.3894044672885333 0.27265372168284796 0.05436575924868329 0.0825242718446603
3 0.43794815660892167 0.4069579288025891 0.05436575924868329 0.0825242718446603
3 0.37484136049241684 0.45550161812297746 0.05436575924868329 0.0825242718446603
3 0.28624912748270814 0.400485436893204 0.05436575924868329 0.0825242718446603
3 0.357851069230281 0.3551779935275081 0.05436575924868329 0.0825242718446603
3 0.9039675740846498 0.19336569579288032 0.05436575924868329 0.0825242718446603
3 0.8287248556380479 0.20469255663430425 0.05436575924868329 0.0825242718446603
3 0.9221714575797952 0.27912621359223305 0.05436575924868329 0.0825242718446603
3 0.8141617488419314 0.3050161812297735 0.05436575924868329 0.0825242718446603
3 0.774113205152611 0.2629449838187703 0.05436575924868329 0.0825242718446603
3 0.7377054381623196 0.24190938511326865 0.05436575924868329 0.0825242718446603
3 0.357851069230281 0.3551779935275081 0.05436575924868329 0.0825242718446603
3 0.357851069230281 0.3551779935275081 0.05436575924868329 0.0825242718446603
3 0.9415889333079509 0.104368932038835 0.05436575924868329 0.0825242718446603
3 0.9682879624341646 0.17394822006472496 0.05436575924868329 0.0825242718446603
3 0.8954724284535821 0.08818770226537222 0.05436575924868329 0.0825242718446603
3 0.8360064090361063 0.11569579288025895 0.05436575924868329 0.0825242718446603
3 0.8141617488419315 0.0590614886731392 0.05436575924868329 0.0825242718446603
3 0.7025112634050384 0.08656957928802594 0.05436575924868329 0.0825242718446603
3 0.6454724284535821 0.0978964401294499 0.05436575924868329 0.0825242718446603
3 0.5398899041817375 0.09466019417475731 0.05436575924868329 0.0825242718446603
3 0.4864918459293104 0.1496763754045308 0.05436575924868329 0.0825242718446603
3 0.4440161177739705 0.1399676375404531 0.05436575924868329 0.0825242718446603
3 0.9728171203756585 0.04126213592233015 0.05436575924868329 0.0825242718446603
3 0.9221714575797957 0.04126213592233015 0.05436575924868329 0.0825242718446603
3 0.7498413604924171 0.04126213592233015 0.05436575924868329 0.0825242718446603
3 0.9415889333079509 0.104368932038835 0.05436575924868329 0.0825242718446603
3 0.4476568944729996 0.06553398058252431 0.05436575924868329 0.0825242718446603
3 0.7498413604924171 0.04126213592233015 0.05436575924868329 0.0825242718446603
3 0.3736277682594074 0.1189320388349515 0.05436575924868329 0.0825242718446603
3 0.2122200012691162 0.15938511326860846 0.05436575924868329 0.0825242718446603
3 0.2704724284535822 0.08333333333333336 0.05436575924868329 0.0825242718446603
3 0.29110349641474725 0.1351132686084143 0.05436575924868329 0.0825242718446603
3 0.35906466146329097 0.19660194174757287 0.05436575924868329 0.0825242718446603
3 0.14972000126911625 0.563106796116505 0.08470556507392601 0.15210355987055002
3 0.16610349641474728 0.12864077669902918 0.05436575924868329 0.0825242718446603
3 0.14183165175455312 0.2144012944983819 0.05436575924868329 0.0825242718446603
3 0.1114918459293104 0.25809061488673146 0.05436575924868329 0.0825242718446603
3 0.2073656323370774 0.2677993527508092 0.05436575924868329 0.0825242718446603
3 0.16124912748270845 0.3147249190938512 0.05436575924868329 0.0825242718446603
3 0.18794815660892206 0.3875404530744337 0.05436575924868329 0.0825242718446603
3 0.05081223427882497 0.348705501618123 0.05436575924868329 0.0825242718446603
3 0.027182879624341644 0.23543689320388353 0.05436575924868329 0.0825242718446603
3 0.08479281680309679 0.07686084142394826 0.05436575924868329 0.0825242718446603
3 0.1843073799098929 0.044498381877022694 0.05436575924868329 0.0825242718446603
3 0.37726854495843654 0.05582524271844663 0.05436575924868329 0.0825242718446603
3 0.3529967002982424 0.08009708737864081 0.05436575924868329 0.0825242718446603
3 0.957647217463037 0.5404530744336572 0.08470556507392601 0.15210355987055002
3 0.0890403896186308 0.754045307443366 0.08470556507392601 0.15210355987055002
3 0.04235278253696301 0.4902912621359225 0.08470556507392601 0.15210355987055002
3 0.2577297100069803 0.5760517799352752 0.08470556507392601 0.15210355987055002
3 0.2152539818516405 0.7783171521035601 0.08470556507392601 0.15210355987055002
3 0.3572442731137764 0.7346278317152105 0.08470556507392601 0.15210355987055002
3 0.47617631194872784 0.7702265372168288 0.08470556507392601 0.15210355987055002
3 0.4737491274827084 0.5695792880258902 0.08470556507392601 0.15210355987055002
3 0.6060306808807667 0.5889967637540455 0.08470556507392601 0.15210355987055002
3 0.6242345643759122 0.7605177993527511 0.08470556507392601 0.15210355987055002
3 0.7929238847642617 0.852750809061489 0.08470556507392601 0.15210355987055002
3 0.9021471857351355 0.7297734627831717 0.08470556507392601 0.15210355987055002
3 0.8997200012691161 0.4368932038834953 0.08470556507392601 0.15210355987055002
3 0.7977782536963005 0.5647249190938514 0.08470556507392601 0.15210355987055002
3 0.658215146900184 0.46763754045307465 0.08470556507392601 0.15210355987055002
3 0.7492345643759123 0.399676375404531 0.08470556507392601 0.15210355987055002
