3 0.04008588498879753 0.23543689320388336 0.08017176997759506 0.14401294498381903
3 0.04008588498879753 0.23543689320388336 0.08017176997759506 0.14401294498381903
3 0.07195178304704995 0.15129449838187686 0.08017176997759506 0.14401294498381903
3 0.16754947722180724 0.23705501618122962 0.08017176997759506 0.14401294498381903
3 0.2725889189693801 0.2904530744336568 0.08017176997759506 0.14401294498381903
3 0.33868115197908877 0.2597087378640775 0.08017176997759506 0.14401294498381903
3 0.3906107636295742 0.3195792880258898 0.08017176997759506 0.14401294498381903
3 0.41303491411501114 0.18365695792880246 0.08017176997759506 0.14401294498381903
3 0.4673249626587004 0.2710355987055015 0.08017176997759506 0.14401294498381903
3 0.5015512976101567 0.16909385113268594 0.08017176997759506 0.14401294498381903
3 0.5664633121732635 0.20145631067961148 0.08017176997759506 0.14401294498381903
3 0.5841665888722927 0.32443365695792864 0.08017176997759506 0.14401294498381903
3 0.6549796956684091 0.21278317152103543 0.08017176997759506 0.14401294498381903
3 0.701008215085885 0.31796116504854355 0.08017176997759506 0.14401294498381903
3 0.823750933532487 0.2677993527508089 0.08017176997759506 0.14401294498381903
3 0.9205288461538461 0.18203883495145617 0.08017176997759506 0.14401294498381903
3 0.9599141150112024 0.15938511326860827 0.08017176997759506 0.14401294498381903
