3 0.20464702793422 0.5481458077878559 0.11906288496925929 0.5311222943127277
3 0.3095416925357334 0.2487930569787945 0.11906288496925925 0.19455271502470187
3 0.12319940600833884 0.3911878789852669 0.11906288496925929 0.5311222943127277
3 0.31077574741339853 0.6614144162020955 0.11906288496925929 0.5311222943127277
3 0.7562695582504155 0.3305082673347816 0.11906288496925929 0.25765951114120667
3 0.932739405756491 0.6662687851341343 0.11906288496925929 0.5311222943127277
3 0.7328225155747827 0.7196668433865614 0.11906288496925929 0.5311222943127277
3 0.4983520888184582 0.7344388528436362 0.11906288496925929 0.5311222943127277
3 0.19724269866823083 0.5481458077878559 0.11906288496925929 0.5311222943127277
3 0.45639422297785287 0.06248671349940592 0.11906288496925939 0.11202844318004161
3 0.5835018753773342 0.19377687574902092 0.11906288496925935 0.2398601583903974
3 0.19724269866823083 0.5481458077878559 0.11906288496925929 0.5311222943127277
3 0.45639422297785287 0.06248671349940592 0.11906288496925939 0.11202844318004161
3 0.4588623327331826 0.2032634125285321 0.11906288496925939 0.11202844318004161
3 0.4452877290788691 0.36831195621785257 0.11906288496925939 0.11202844318004161
3 0.33422279008903116 0.09484917304633149 0.11906288496925939 0.11202844318004161
