3 0.48737044559784026 0.8687511670569756 0.08470556507392601 0.24390125252471287
3 0.28968481396813917 0.876194361815726 0.08470556507392601 0.24390125252471287
3 0.5105141293008296 0.6702659734902994 0.08470556507392601 0.24390125252471287
3 0.4468689991176088 0.6380121295357145 0.08470556507392601 0.24390125252471287
3 0.36104450538568983 0.7149251420428016 0.08470556507392601 0.24390125252471287
3 0.24339744656216036 0.7372547263190526 0.08470556507392601 0.24390125252471287
3 0.13539358928154324 0.8513837126198913 0.08470556507392601 0.24390125252471287
3 0.6165893462728643 0.8141677388261397 0.08470556507392601 0.24390125252471287
3 0.7834167329652462 0.8464215827807245 0.08470556507392601 0.24390125252471287
3 0.8702055468514565 0.8414594529415577 0.08470556507392601 0.24390125252471287
3 0.9541014002747928 0.6801902331686333 0.08470556507392601 0.24390125252471287
3 0.1956635989247449 0.3328411444269501 0.06252620152522795 0.16450717509804277
3 0.4010637917887758 0.24352280732194584 0.06252620152522795 0.16450717509804277
3 0.4029924320973583 0.4023109621752868 0.06252620152522795 0.16450717509804277
3 0.06837333855830327 0.26585239159819696 0.06252620152522795 0.16450717509804277
3 0.05005125562677001 0.3849435077382026 0.06252620152522795 0.16450717509804277
3 0.3133106577482743 0.3824624428186192 0.06252620152522795 0.16450717509804277
3 0.4541014002747932 0.20630683352819404 0.06252620152522795 0.16450717509804277
3 0.6566086326759504 0.5015535589586249 0.06252620152522795 0.16450717509804277
3 0.6922884783847255 0.23111748272402852 0.06252620152522795 0.16450717509804277
3 0.6190001466585925 0.41223522185362055 0.06252620152522795 0.16450717509804277
3 0.5399258940067121 0.4990724940390414 0.06252620152522795 0.16450717509804277
3 0.46856620258916143 0.45689439040612273 0.06252620152522795 0.16450717509804277
3 0.1956635989247449 0.3328411444269501 0.06252620152522795 0.16450717509804277
3 0.7106105613162589 0.46681865008445655 0.06252620152522795 0.16450717509804277
3 0.8051139364367986 0.4221594815319543 0.06252620152522795 0.16450717509804277
3 0.8388651418369915 0.34276540410528383 0.06252620152522795 0.16450717509804277
3 0.767505450419441 0.3923867024969529 0.06252620152522795 0.16450717509804277
3 0.8890097898601355 0.26089026175902996 0.06252620152522795 0.16450717509804277
3 0.9362614774204053 0.4246405464515378 0.06252620152522795 0.16450717509804277
3 0.8851525092429705 0.5139588835565422 0.06252620152522795 0.16450717509804277
3 0.9661554022034332 0.2757766512765307 0.06252620152522795 0.16450717509804277
3 0.9661554022034332 0.15916660005610841 0.06252620152522795 0.16450717509804277
3 0.767505450419441 0.2162310932065278 0.06252620152522795 0.16450717509804277
3 0.635393589281543 0.2571686643796547 0.04323979843940377 0.10744268194762328
3 0.6064639846528063 0.2869414434146561 0.04323979843940377 0.10744268194762328
3 0.5611409374011187 0.25964972929923813 0.04323979843940377 0.10744268194762328
3 0.614178545887136 0.18273671679215112 0.04323979843940377 0.10744268194762328
3 0.5505334157039152 0.11326689904381446 0.04323979843940377 0.10744268194762328
3 0.3827417088572422 0.1281532885613152 0.04323979843940377 0.10744268194762328
3 0.635393589281543 0.2571686643796547 0.04323979843940377 0.10744268194762328
3 0.3152392980568564 0.05868347081297852 0.04323979843940377 0.10744268194762328
3 0.2930599345081582 0.15544500267673317 0.04323979843940377 0.10744268194762328
3 0.2699162508051688 0.21250949582715253 0.04323979843940377 0.10744268194762328
3 0.1705912749131727 0.18273671679215112 0.04323979843940377 0.10744268194762328
3 0.10983910519282554 0.19514204139006838 0.04323979843940377 0.10744268194762328
3 0.126714707892922 0.5648207144080026 0.06927644260526682 0.19676101905262808
3 0.8128284976711284 0.10954530166443903 0.05481164029089824 0.11984800654554106
3 0.126714707892922 0.5648207144080026 0.06927644260526682 0.19676101905262808
3 0.8639374658485633 0.10954530166443903 0.05481164029089824 0.11984800654554106
3 0.7347185651735392 0.09217784722735485 0.05481164029089824 0.11984800654554106
3 0.666251834218862 0.12195062626235628 0.05481164029089824 0.11984800654554106
3 0.6199644668128833 0.09465891214693829 0.05481164029089824 0.11984800654554106
3 0.4502441196576278 0.062405068192353426 0.05481164029089824 0.11984800654554106
3 0.8128284976711284 0.10954530166443903 0.05481164029089824 0.11984800654554106
3 0.24387960663930572 0.1467612754581908 0.05481164029089824 0.11984800654554106
3 0.4502441196576278 0.062405068192353426 0.05481164029089824 0.11984800654554106
3 0.14937623151876614 0.3303600795073667 0.06252620152522795 0.16450717509804277
