3 0.08998402117235706 0.592233009708738 0.08470556507392601 0.15210355987055002
3 0.48171419834533535 0.33818770226537237 0.08470556507392601 0.15210355987055002
3 0.4564412836890142 0.7491909385113271 0.08470556507392601 0.15210355987055002
3 0.3886639216561528 0.6796116504854371 0.08470556507392601 0.15210355987055002
3 0.2737870368546929 0.7880258899676379 0.08470556507392601 0.15210355987055002
3 0.24162150911028416 0.6634304207119743 0.08470556507392601 0.15210355987055002
3 0.14972000126911625 0.563106796116505 0.08470556507392601 0.15210355987055002
3 0.7792453299811166 0.31067961165048563 0.08470556507392601 0.15210355987055002
3 0.611525078170985 0.25566343042071216 0.08470556507392601 0.15210355987055002
3 0.5092846506976858 0.21359223300970898 0.08470556507392601 0.15210355987055002
3 0.4242757559446054 0.19902912621359242 0.08470556507392601 0.15210355987055002
3 0.26459688607057613 0.31067961165048563 0.08470556507392601 0.15210355987055002
3 0.8137083954215547 0.19093851132686104 0.08470556507392601 0.15210355987055002
3 0.06585987536405047 0.13915857605178014 0.08470556507392601 0.15210355987055002
3 0.3277791727113791 0.10841423948220086 0.08470556507392601 0.15210355987055002
3 0.18073676016551038 0.22815533980582545 0.08470556507392601 0.15210355987055002
3 0.06356233766802127 0.330097087378641 0.08470556507392601 0.15210355987055002
3 0.33926686119152505 0.2119741100323627 0.08470556507392601 0.15210355987055002
3 0.6655172140276713 0.43203883495145645 0.08470556507392601 0.15210355987055002
3 0.7011290483161239 0.24271844660194195 0.08470556507392601 0.15210355987055002
3 0.9193951294388976 0.32686084142394844 0.08470556507392601 0.15210355987055002
3 0.957647217463037 0.4708737864077672 0.08470556507392601 0.15210355987055002
3 0.8022207069414086 0.5436893203883497 0.08470556507392601 0.15210355987055002
3 0.957647217463037 0.21682847896440152 0.08470556507392601 0.15210355987055002
3 0.8964197524786056 0.1343042071197413 0.08470556507392601 0.15210355987055002
3 0.6609221386356129 0.1423948220064727 0.08470556507392601 0.15210355987055002
3 0.5770620127305471 0.13915857605178014 0.08470556507392601 0.15210355987055002
3 0.46218512792908717 0.08090614886731412 0.08470556507392601 0.15210355987055002
3 0.5380038718980508 0.07605177993527501 0.08470556507392601 0.15210355987055002
3 0.9561557325753646 0.07281553398058245 0.08470556507392601 0.07766990291262123
3 0.27034073031064915 0.045307443365695727 0.04564742424142963 0.09061488673139145
3 0.8274936215977294 0.050161812297734566 0.08470556507392601 0.07766990291262123
3 0.776947792285087 0.03883495145631061 0.08470556507392601 0.07766990291262123
