3 0.2446459166190748 0.698220064724919 0.05436575924868329 0.0825242718446603
3 0.9183085855701502 0.4894822006472491 0.05436575924868329 0.0825242718446603
3 0.4183799733485627 0.38268608414239486 0.05436575924868329 0.0825242718446603
3 0.411288787359604 0.47977346278317157 0.05436575924868329 0.0825242718446603
3 0.32737641982359283 0.42637540453074435 0.05436575924868329 0.0825242718446603
3 0.14064185544768068 0.37621359223300976 0.05436575924868329 0.0825242718446603
3 0.0862760961989974 0.4279935275080907 0.05436575924868329 0.0825242718446603
3 0.08863982486198363 0.563915857605178 0.05436575924868329 0.0825242718446603
3 0.17137032806650168 0.4911003236245955 0.05436575924868329 0.0825242718446603
3 0.16191541341455676 0.5978964401294499 0.05436575924868329 0.0825242718446603
3 0.2517371026080335 0.5250809061488674 0.05436575924868329 0.0825242718446603
3 0.027182879624341644 0.6610032362459548 0.05436575924868329 0.0825242718446603
3 0.1170045688178184 0.6917475728155341 0.05436575924868329 0.0825242718446603
3 0.3545592994479345 0.6545307443365695 0.05436575924868329 0.0825242718446603
3 0.3935608223872073 0.7257281553398058 0.05436575924868329 0.0825242718446603
3 0.3510137064534551 0.5622977346278318 0.05436575924868329 0.0825242718446603
3 0.2434640522875817 0.45064724919093857 0.05436575924868329 0.0825242718446603
3 0.4892918332381497 0.4021035598705502 0.05436575924868329 0.0825242718446603
3 0.5353845421663812 0.4894822006472491 0.05436575924868329 0.0825242718446603
3 0.49283742623262894 0.7030744336569579 0.05436575924868329 0.0825242718446603
3 0.45501776762484925 0.6189320388349515 0.05436575924868329 0.0825242718446603
3 0.668935211625103 0.6124595469255665 0.05436575924868329 0.0825242718446603
3 0.6228425026968716 0.534789644012945 0.05436575924868329 0.0825242718446603
3 0.5826591154261057 0.604368932038835 0.05436575924868329 0.0825242718446603
3 0.6098419950504474 0.7079288025889967 0.05436575924868329 0.0825242718446603
3 0.49283742623262894 0.6642394822006473 0.05436575924868329 0.0825242718446603
3 0.2446459166190748 0.698220064724919 0.05436575924868329 0.0825242718446603
3 0.9242179072276159 0.5655339805825244 0.05436575924868329 0.0825242718446603
3 0.9088536709182052 0.39077669902912615 0.05436575924868329 0.0825242718446603
3 0.9183085855701502 0.4894822006472491 0.05436575924868329 0.0825242718446603
3 0.7563931721555934 0.3309061488673139 0.05436575924868329 0.0825242718446603
3 0.6972999555809377 0.4021035598705502 0.05436575924868329 0.0825242718446603
3 0.7138460562218413 0.48300970873786403 0.05436575924868329 0.0825242718446603
3 0.8048496097468112 0.5121359223300971 0.05436575924868329 0.0825242718446603
3 0.8072133384097974 0.4004854368932038 0.05436575924868329 0.0825242718446603
3 0.9728171203756584 0.21116504854368925 0.05436575924868329 0.0825242718446603
3 0.9194904499016432 0.25161812297734626 0.05436575924868329 0.0825242718446603
3 0.5885684370835712 0.18851132686084138 0.05436575924868329 0.0825242718446603
3 0.2765562535693887 0.26618122977346276 0.05436575924868329 0.0825242718446603
3 0.5578399644647501 0.3600323624595469 0.05436575924868329 0.0825242718446603
3 0.6500253823212131 0.2548543689320388 0.05436575924868329 0.0825242718446603
3 0.6228425026968715 0.406957928802589 0.05436575924868329 0.0825242718446603
3 0.6547528396471856 0.3357605177993527 0.05436575924868329 0.0825242718446603
3 0.3675598070943586 0.31796116504854366 0.05436575924868329 0.0825242718446603
3 0.5483850498128051 0.054207119741100325 0.05436575924868329 0.0825242718446603
3 0.5885684370835711 0.14158576051779936 0.05436575924868329 0.0825242718446603
3 0.475109461260232 0.3163430420711974 0.05436575924868329 0.0825242718446603
3 0.5046560695475598 0.2532362459546926 0.05436575924868329 0.0825242718446603
3 0.9135811282441776 0.08818770226537218 0.05436575924868329 0.0825242718446603
3 0.8533060473380287 0.06715210355987056 0.05436575924868329 0.0825242718446603
3 0.794212830763373 0.06067961165048544 0.05436575924868329 0.0825242718446603
3 0.7989402880893455 0.14320388349514562 0.05436575924868329 0.0825242718446603
3 0.763484358144552 0.1771844660194175 0.05436575924868329 0.0825242718446603
3 0.7197553778793068 0.09304207119741101 0.05436575924868329 0.0825242718446603
3 0.650025382321213 0.0784789644012945 0.05436575924868329 0.0825242718446603
3 0.6772082619455546 0.1674757281553398 0.05436575924868329 0.0825242718446603
3 0.5058379338790531 0.17233009708737865 0.05436575924868329 0.0825242718446603
3 0.9431277365315054 0.16262135922330095 0.05436575924868329 0.0825242718446603
3 0.887580112951329 0.16262135922330095 0.05436575924868329 0.0825242718446603
3 0.3675598070943586 0.2645631067961165 0.05436575924868329 0.0825242718446603
3 0.2824655752268543 0.17233009708737865 0.05436575924868329 0.0825242718446603
3 0.15836982042007722 0.1674757281553398 0.05436575924868329 0.0825242718446603
3 0.08509423186750407 0.08980582524271846 0.05436575924868329 0.0825242718446603
3 0.1796433783869533 0.08333333333333331 0.05436575924868329 0.0825242718446603
3 0.26355574592296444 0.07200647249190938 0.05436575924868329 0.0825242718446603
3 0.3462862491274825 0.07686084142394822 0.05436575924868329 0.0825242718446603
3 0.4396535313154385 0.08980582524271846 0.05436575924868329 0.0825242718446603
3 0.41837997334856253 0.1610032362459547 0.05436575924868329 0.0825242718446603
3 0.41010692302811064 0.22087378640776698 0.05436575924868329 0.0825242718446603
3 0.08509423186750407 0.1836569579288026 0.05436575924868329 0.0825242718446603
3 0.5791135224316263 0.28883495145631066 0.05436575924868329 0.0825242718446603
3 0.19737134335935 0.26779935275080907 0.05436575924868329 0.0825242718446603
3 0.14300558411066683 0.2807443365695792 0.08036677454153172 0.07928802588996776
3 0.35810489244241367 0.15291262135922332 0.05436575924868329 0.0825242718446603
3 0.34392252046449623 0.23139158576051777 0.05436575924868328 0.08090614886731397
