3 0.06982517926264337 0.3357605177993527 0.05436575924868329 0.0825242718446603
3 0.09679389555174799 0.4296116504854369 0.05436575924868329 0.0825242718446603
3 0.029911479154768487 0.418284789644013 0.05436575924868329 0.0825242718446603
3 0.9209578653467857 0.3098705501618123 0.05436575924868329 0.0825242718446603
3 0.8389729678279074 0.31796116504854366 0.05436575924868329 0.0825242718446603
3 0.777484294688749 0.31796116504854366 0.05436575924868329 0.0825242718446603
3 0.7170743702011546 0.3131067961165048 0.05436575924868329 0.0825242718446603
3 0.6458769591979183 0.31472491909385114 0.05436575924868329 0.0825242718446603
3 0.5789945428009389 0.31472491909385114 0.05436575924868329 0.0825242718446603
3 0.5110333777523952 0.32119741100323623 0.05436575924868329 0.0825242718446603
3 0.42257598832413207 0.33414239482200647 0.05436575924868329 0.0825242718446603
3 0.8875166571482961 0.47977346278317157 0.05436575924868329 0.0825242718446603
3 0.27910241766609534 0.3276699029126213 0.05436575924868329 0.0825242718446603
3 0.2165349958753726 0.33414239482200647 0.05436575924868329 0.0825242718446603
3 0.1410225902658796 0.33414239482200647 0.05436575924868329 0.0825242718446603
3 0.8443667110857285 0.3940129449838188 0.05436575924868329 0.0825242718446603
3 0.7807205406434415 0.400485436893204 0.05436575924868329 0.0825242718446603
3 0.7170743702011546 0.4053398058252428 0.05436575924868329 0.0825242718446603
3 0.6523494511073037 0.418284789644013 0.05436575924868329 0.0825242718446603
3 0.5865457833618882 0.39724919093851135 0.05436575924868329 0.0825242718446603
3 0.5207421156164729 0.39886731391585767 0.05436575924868329 0.0825242718446603
3 0.43228472618820973 0.39724919093851135 0.05436575924868329 0.0825242718446603
3 0.32225236372866284 0.4118122977346279 0.05436575924868329 0.0825242718446603
3 0.25213370137699076 0.4312297734627832 0.05436575924868329 0.0825242718446603
3 0.17230630116124104 0.41990291262135926 0.05436575924868329 0.0825242718446603
3 0.19711752014721728 0.5137540453074434 0.05436575924868329 0.0825242718446603
3 0.12807760644710942 0.5088996763754046 0.05436575924868329 0.0825242718446603
3 0.050407703534488084 0.5186084142394822 0.05436575924868329 0.0825242718446603
3 0.956556570848404 0.38915857605177995 0.05436575924868329 0.0825242718446603
3 0.7904292785075192 0.48624595469255666 0.05436575924868329 0.0825242718446603
3 0.7073656323370769 0.5040453074433657 0.05436575924868329 0.0825242718446603
3 0.6329319753791482 0.48786407766990303 0.05436575924868329 0.0825242718446603
3 0.5671283076337329 0.5137540453074434 0.05436575924868329 0.0825242718446603
3 0.4970096452820609 0.5008090614886731 0.05436575924868329 0.0825242718446603
3 0.41826099371787534 0.5024271844660195 0.05436575924868329 0.0825242718446603
3 0.2618424392410684 0.5040453074433657 0.05436575924868329 0.0825242718446603
3 0.357851069230281 0.3551779935275081 0.05436575924868329 0.0825242718446603
3 0.06011644139856575 0.7289644012944985 0.05436575924868329 0.0825242718446603
3 0.08384891173297783 0.6302588996763755 0.05436575924868329 0.0825242718446603
3 0.17662129576749777 0.6027508090614888 0.05436575924868329 0.0825242718446603
3 0.15504632273621408 0.7354368932038835 0.05436575924868329 0.0825242718446603
3 0.3125436258645852 0.7046925566343043 0.05436575924868329 0.0825242718446603
3 0.3794260422615646 0.7176375404530745 0.05436575924868329 0.0825242718446603
3 0.4549384478710577 0.720873786407767 0.05436575924868329 0.0825242718446603
3 0.2348737229519638 0.7386731391585761 0.05436575924868329 0.0825242718446603
3 0.7602243162637221 0.5833333333333335 0.05436575924868329 0.0825242718446603
3 0.6588219430166887 0.5736245954692556 0.05436575924868329 0.0825242718446603
3 0.9436115870296337 0.698220064724919 0.05436575924868329 0.0825242718446603
3 0.9716590519703026 0.48624595469255666 0.05436575924868329 0.0825242718446603
3 0.5326083507836791 0.714401294498382 0.05436575924868329 0.0825242718446603
3 0.8605479408591914 0.586569579288026 0.05436575924868329 0.0825242718446603
3 0.9533203248937113 0.593042071197411 0.05436575924868329 0.0825242718446603
