3 0.1650485436893204 0.3907766990291261 0.1829680998613038 0.21197411003236236
3 0.1650485436893204 0.3907766990291261 0.1829680998613038 0.21197411003236236
3 0.827128987517337 0.11245954692556624 0.1829680998613038 0.21197411003236236
3 0.2631345353675451 0.19012944983818764 0.1829680998613038 0.21197411003236236
3 0.39705963938973654 0.3487055016181229 0.1829680998613038 0.21197411003236236
3 0.5856865464632456 0.42961165048543676 0.1829680998613038 0.21197411003236236
3 0.7761997226074897 0.44579288025889957 0.1829680998613038 0.21197411003236236
3 0.8610818307905688 0.27427184466019405 0.1829680998613038 0.21197411003236236
3 0.48760055478502073 0.2071197411003235 0.16033287101248303 0.15857605177993508
3 0.6705686546463245 0.25242718446601925 0.16033287101248303 0.15857605177993508
3 0.638502080443828 0.08737864077669888 0.16033287101248303 0.15857605177993508
3 0.4951456310679611 0.07928802588996756 0.16033287101248303 0.15857605177993508
